500,517,534,552,569,587,604,621,639,656,
673,690,707,724,741,758,775,792,809,825,
842,858,874,890,906,922,938,953,969,984,
1000,1015,1029,1044,1059,1073,1087,1101,1115,1129,
1142,1156,1169,1181,1194,1207,1219,1231,1243,1254,
1266,1277,1288,1298,1309,1319,1329,1338,1348,1357,
1366,1374,1382,1391,1398,1406,1413,1420,1427,1433,
1439,1445,1451,1456,1461,1465,1470,1474,1478,1481,
1484,1487,1490,1492,1494,1496,1497,1498,1499,1499,
1500,1499,1499,1498,1497,1496,1494,1492,1490,1487,
1484,1481,1478,1474,1470,1465,1461,1456,1451,1445,
1439,1433,1427,1420,1413,1406,1398,1391,1382,1374,
1366,1357,1348,1338,1329,1319,1309,1298,1288,1277,
1266,1254,1243,1231,1219,1207,1194,1181,1169,1156,
1142,1129,1115,1101,1087,1073,1059,1044,1029,1015,
1000,984,969,953,938,922,906,890,874,858,
842,825,809,792,775,758,741,724,707,690,
673,656,639,621,604,587,569,552,534,517,
500,482,465,447,430,412,395,378,360,343,
326,309,292,275,258,241,224,207,190,174,
157,141,125,109,93,77,61,46,30,15,
0,-15,-29,-44,-59,-73,-87,-101,-115,-129,
-142,-156,-169,-181,-194,-207,-219,-231,-243,-254,
-266,-277,-288,-298,-309,-319,-329,-338,-348,-357,
-366,-374,-382,-391,-398,-406,-413,-420,-427,-433,
-439,-445,-451,-456,-461,-465,-470,-474,-478,-481,
-484,-487,-490,-492,-494,-496,-497,-498,-499,-499,
-500,-499,-499,-498,-497,-496,-494,-492,-490,-487,
-484,-481,-478,-474,-470,-465,-461,-456,-451,-445,
-439,-433,-427,-420,-413,-406,-398,-391,-382,-374,
-366,-357,-348,-338,-329,-319,-309,-298,-288,-277,
-266,-254,-243,-231,-219,-207,-194,-181,-169,-156,
-142,-129,-115,-101,-87,-73,-59,-44,-29,-15,
0,15,30,46,61,77,93,109,125,141,
157,174,190,207,224,241,258,275,292,309,
326,343,360,378,395,412,430,447,465,482

fs=195;               %设定采样频率
N=195;                %采样点数为195
n=0:N-1;
t=n/fs;
f1=1;                %这个f1可以不要
x=round(1875*(1+(0.8*sin(2*pi*f1*t))));    %生成正弦信号，并取整
plot(t,x)

unsigned int sine[361]={0,509  ,517  ,526  ,535  ,544  ,552  ,561  ,570  ,578  ,587  ,
595  ,604  ,612  ,621  ,629  ,638  ,646  ,655  ,663  ,671  ,
679  ,687  ,695  ,703  ,711  ,719  ,727  ,735  ,742  ,750  ,
758  ,765  ,772  ,780  ,787  ,794  ,801  ,808  ,815  ,821  ,
828  ,835  ,841  ,847  ,854  ,860  ,866  ,872  ,877  ,883  ,
889  ,894  ,899  ,905  ,910  ,915  ,919  ,924  ,929  ,933  ,
937  ,941  ,946  ,949  ,953  ,957  ,960  ,964  ,967  ,970  ,
973  ,976  ,978  ,981  ,983  ,985  ,987  ,989  ,991  ,992  ,
994  ,995  ,996  ,997  ,998  ,999  ,999  ,1000  ,1000  ,1000  ,
1000  ,1000  ,999  ,999  ,998  ,997  ,996  ,995  ,994  ,992  ,
991  ,989  ,987  ,985  ,983  ,981  ,978  ,976  ,973  ,970  ,
967  ,964  ,960  ,957  ,953  ,949  ,946  ,941  ,937  ,933  ,
929  ,924  ,919  ,915  ,910  ,905  ,899  ,894  ,889  ,883  ,
877  ,872  ,866  ,860  ,854  ,847  ,841  ,835  ,828  ,821  ,
815  ,808  ,801  ,794  ,787  ,780  ,772  ,765  ,758  ,750  ,
742  ,735  ,727  ,719  ,711  ,703  ,695  ,687  ,679  ,671  ,
663  ,655  ,646  ,638  ,629  ,621  ,612  ,604  ,595  ,587  ,
578  ,570  ,561  ,552  ,544  ,535  ,526  ,517  ,509  ,500  ,
491  ,483  ,474  ,465  ,456  ,448  ,439  ,430  ,422  ,413  ,
405  ,396  ,388  ,379  ,371  ,362  ,354  ,345  ,337  ,329  ,
321  ,313  ,305  ,297  ,289  ,281  ,273  ,265  ,258  ,250  ,
242  ,235  ,228  ,220  ,213  ,206  ,199  ,192  ,185  ,179  ,
172  ,165  ,159  ,153  ,146  ,140  ,134  ,128  ,123  ,117  ,
111  ,106  ,101  ,95  ,90  ,85  ,81  ,76  ,71  ,67  ,63  ,
59  ,54  ,51  ,47  ,43  ,40  ,36  ,33  ,30  ,27  ,
24  ,22  ,19  ,17  ,15  ,13  ,11  ,9  ,8  ,6  ,
5  ,4  ,3  ,2  ,1  ,1  ,0  ,0  ,0  ,0  ,
0  ,1  ,1  ,2  ,3  ,4  ,5  ,6  ,8  ,9  ,
11  ,13  ,15  ,17  ,19  ,22  ,24  ,27  ,30  ,33  ,
36  ,40  ,43  ,47  ,51  ,54  ,59  ,63  ,67  ,71  ,
76  ,81  ,85  ,90  ,95  ,101  ,106  ,111  ,117  ,
123  ,128  ,134  ,140  ,146  ,153  ,159  ,165  ,172  ,179  ,
185  ,192  ,199  ,206  ,213  ,220  ,228  ,235  ,242  ,250  ,
258  ,265  ,273  ,281  ,289  ,297  ,305  ,313  ,321  ,329  ,
337  ,345  ,354  ,362  ,371  ,379  ,388  ,396  ,405  ,413  ,
422  ,430  ,439  ,448  ,456  ,465  ,474  ,483  ,491  ,500  ,}; 

[500,508,517,526,534,543,552,560,569,578,
586,595,603,612,620,629,637,646,654,662,
671,679,687,695,703,711,719,726,734,742,
750,757,764,772,779,786,793,800,807,814,
821,828,834,840,847,853,859,865,871,877,
883,888,894,899,904,909,914,919,924,928,
933,937,941,945,949,953,956,960,963,966,
969,972,975,978,980,982,985,987,989,990,
992,993,995,996,997,998,998,999,999,999,
1000,999,999,999,998,998,997,996,995,993,
992,990,989,987,985,982,980,978,975,972,
969,966,963,960,956,953,949,945,941,937,
933,928,924,919,914,909,904,899,894,888,
883,877,871,865,859,853,847,840,834,828,
821,814,807,800,793,786,779,772,764,757,
750,742,734,726,719,711,703,695,687,679,
671,662,654,646,637,629,620,612,603,595,
586,578,569,560,552,543,534,526,517,508,
500,491,482,473,465,456,447,439,430,421,
413,404,396,387,379,370,362,353,345,337,
328,320,312,304,296,288,280,273,265,257,
249,242,235,227,220,213,206,199,192,185,
178,171,165,159,152,146,140,134,128,122,
116,111,105,100,95,90,85,80,75,71,
66,62,58,54,50,46,43,39,36,33,
30,27,24,21,19,17,14,12,10,9,
7,6,4,3,2,1,1,0,0,0,
0,0,0,0,1,1,2,3,4,6,
7,9,10,12,14,17,19,21,24,27,
30,33,36,39,43,46,50,54,58,62,
66,71,75,80,85,90,95,100,105,111,
116,122,128,134,140,146,152,159,165,171,
178,185,192,199,206,213,220,227,235,242,
249,257,265,273,280,288,296,304,312,320,
328,337,345,353,362,370,379,387,396,404,
413,421,430,439,447,456,465,473,482,491]
